<?xml version="1.0"?>
<opencv_storage>
<transformation type_id="opencv-matrix">
  <rows>256</rows>
  <cols>9</cols>
  <dt>f</dt>
  <data>
    -1.84185244e-02 5.43721654e-02 6.62968159e-02 2.82171723e-02
    5.54813854e-02 -6.22133305e-03 1.11242458e-02 -1.78676266e-02
    7.47839082e-03 -8.87646079e-02 3.26160580e-01 4.18953925e-01
    2.07779139e-01 5.93758523e-01 -4.39317189e-02 -4.83813062e-02
    2.57761449e-01 -1.11591496e-01 -4.76466082e-02 2.60171264e-01
    1.46438867e-01 1.69540361e-01 2.10526690e-01 1.75760359e-01
    -1.45068273e-01 -2.42408499e-01 1.62241504e-01 -3.19966078e-02
    2.10959539e-01 5.38149811e-02 1.40819132e-01 1.97576717e-01
    8.79997462e-02 -2.83400603e-02 -4.35097590e-02 6.91757798e-02
    -2.80355662e-02 2.82768011e-01 -1.15958512e-01 2.25552335e-01
    1.41765096e-03 2.18287736e-01 2.36698270e-01 3.39414808e-03
    1.29942730e-01 -2.52398252e-02 2.77893960e-01 -1.88049331e-01
    3.07963490e-01 -1.96978241e-01 -2.65351348e-02 4.34104770e-01
    7.98742101e-02 7.85826966e-02 -1.24548124e-02 1.98780581e-01
    -1.79654598e-01 2.63919950e-01 -1.49922296e-01 -8.41330290e-02
    1.83254316e-01 1.18754551e-01 -3.55973244e-02 -2.78234519e-02
    1.61902890e-01 -1.83604360e-01 1.85657337e-01 -1.15925744e-01
    -1.10605597e-01 9.25971344e-02 2.26501599e-02 1.35027962e-02
    -3.69349644e-02 1.20175466e-01 -2.07374826e-01 1.38401940e-01
    -5.83000109e-02 -1.60815448e-01 -2.18745992e-02 -1.34410430e-02
    -2.53760014e-02 -4.16094959e-02 7.33590797e-02 -1.92653522e-01
    7.32411742e-02 -8.12867656e-03 -1.22714818e-01 -1.26820952e-01
    -5.46304695e-02 -8.01256374e-02 -3.95736732e-02 5.67972511e-02
    -1.74333319e-01 6.22776039e-02 1.57066546e-02 -1.32371634e-01
    -1.87651396e-01 -5.86068667e-02 -1.12207673e-01 -3.16421464e-02
    5.06565943e-02 -1.45769581e-01 5.63716851e-02 6.72685215e-03
    -1.12851851e-01 -1.86976194e-01 -6.99889734e-02 -5.84891327e-02
    -2.55309306e-02 4.96974140e-02 -1.11382417e-01 4.31000404e-02
    1.71598252e-02 -1.03653811e-01 -1.73559666e-01 -7.97659606e-02
    -2.37836242e-02 -2.00152975e-02 4.72109914e-02 -8.79947394e-02
    3.34705114e-02 2.05048118e-02 -8.20744932e-02 -1.36118546e-01
    -7.85895213e-02 6.34245295e-03 -1.77447014e-02 4.79628481e-02
    -8.54509473e-02 2.77999751e-02 1.78353563e-02 -9.53882039e-02
    -1.37911320e-01 -9.78302136e-02 2.84815244e-02 -1.51403248e-02
    4.91229445e-02 -7.45906010e-02 1.77662745e-02 1.80775002e-02
    -9.26226303e-02 -1.30607799e-01 -9.73215923e-02 2.75873244e-02
    -1.34217376e-02 5.16857579e-02 -5.21234013e-02 2.69652158e-02
    1.28086908e-02 -7.98993707e-02 -1.04949512e-01 -7.26902634e-02
    1.95339750e-02 -1.06985345e-02 5.07635064e-02 -4.39737774e-02
    2.66529061e-02 1.17178699e-02 -7.97539055e-02 -8.77263695e-02
    -4.59959283e-02 1.00996718e-02 -9.13224928e-03 5.66057265e-02
    -4.11506258e-02 2.22426299e-02 -3.33298696e-03 -7.75251091e-02
    -8.09527263e-02 -5.09166233e-02 1.51470928e-02 -6.41334988e-03
    6.07173927e-02 -3.72308716e-02 2.36774608e-02 -1.26211205e-03
    -7.69518539e-02 -9.01564583e-02 -4.52510491e-02 -2.57738889e-03
    -5.71004907e-03 6.22674301e-02 -2.98890471e-02 2.29025371e-02
    -8.48265644e-03 -6.74397796e-02 -9.30970162e-02 -4.94852848e-02
    4.27208515e-03 -4.28327778e-03 6.20959550e-02 -2.35035308e-02
    1.78057496e-02 -4.43098601e-03 -7.64273703e-02 -1.12790957e-01
    -5.70379496e-02 3.34044895e-03 -3.39856697e-03 6.24186732e-02
    -1.85857844e-02 1.49671100e-02 -3.86381499e-03 -7.45917037e-02
    -1.13834538e-01 -5.69362678e-02 2.85097212e-03 -3.91149102e-03
    5.98064698e-02 -1.26831736e-02 7.02501182e-03 -7.44762085e-03
    -7.31414258e-02 -1.01541892e-01 -5.74204661e-02 9.56874900e-03
    -4.72406903e-03 6.48693070e-02 -6.95284689e-03 2.28031003e-03
    -1.60416197e-02 -7.36221224e-02 -1.18272901e-01 -6.03988394e-02
    1.85319390e-02 -4.20087902e-03 7.22420141e-02 -2.48221005e-03
    3.30002303e-03 -1.56344939e-02 -8.91490653e-02 -1.34976074e-01
    -7.37072676e-02 2.28761211e-02 -3.70302796e-03 6.90102279e-02
    -1.47562497e-03 -1.47426897e-03 -1.74530428e-02 -8.77098739e-02
    -1.07884966e-01 -5.23671173e-02 1.63819026e-02 -3.45449802e-03
    6.95970058e-02 3.79056990e-04 -3.96837108e-03 -2.19164453e-02
    -9.08894464e-02 -1.11922249e-01 -5.78218177e-02 2.50385143e-02
    -2.48882989e-03 7.02074245e-02 1.07570400e-03 -1.25114201e-03
    -2.28431001e-02 -9.62295011e-02 -1.14125721e-01 -5.45266457e-02
    1.68855917e-02 -2.68665305e-03 6.80172965e-02 2.89234705e-03
    -6.60495088e-03 -3.02201919e-02 -8.85808319e-02 -8.83143693e-02
    -4.33090962e-02 1.45992870e-02 -1.71406602e-03 6.91049099e-02
    4.22806805e-03 -8.39821622e-03 -2.91199498e-02 -8.78290907e-02
    -7.96050802e-02 -3.59673277e-02 1.53845698e-02 -1.17532199e-03
    7.34732896e-02 9.80559457e-03 -9.06540919e-03 -3.79770361e-02
    -1.04848973e-01 -7.12876767e-02 -2.98846532e-02 1.46896597e-02
    3.85644002e-04 7.47136846e-02 7.82417599e-03 -1.36067299e-02
    -5.15665933e-02 -1.16504714e-01 -6.48137331e-02 -2.93919072e-02
    9.55847278e-03 2.73698405e-03 7.46526569e-02 1.21190622e-02
    -2.19137147e-02 -5.04179597e-02 -1.18659243e-01 -5.00900634e-02
    -1.84484161e-02 9.15149134e-03 7.90986791e-03 7.33619183e-02
    2.07370166e-02 -3.42824049e-02 -4.22782041e-02 -1.15494162e-01
    -5.15634604e-02 -3.34954890e-03 1.83337496e-03 1.44428033e-02
    7.44915307e-02 2.38315426e-02 -4.74207848e-02 -4.83388752e-02
    -1.21362418e-01 -4.48112786e-02 3.15635698e-03 1.81883597e-03
    2.17378754e-02 7.59779364e-02 2.84568835e-02 -5.85169792e-02
    -4.29960564e-02 -1.17170848e-01 -2.69743260e-02 1.73227955e-02
    5.81879495e-03 3.71666923e-02 8.23312104e-02 3.71317938e-02
    -8.24521184e-02 -5.06593101e-02 -1.30620986e-01 -1.22586696e-03
    2.94114128e-02 1.33501366e-02 5.95906377e-02 8.82856846e-02
    5.29616512e-02 -1.21013045e-01 -5.46602271e-02 -1.55129120e-01
    2.40523499e-02 6.02902025e-02 1.88014954e-02 7.64971375e-02
    8.58339146e-02 6.71906099e-02 -1.27357304e-01 -4.41627689e-02
    -1.45901397e-01 4.36682180e-02 6.44468144e-02 3.60049382e-02
    8.00590888e-02 8.33214223e-02 7.06689134e-02 -1.22029617e-01
    -4.31812480e-02 -1.30724803e-01 5.35201840e-02 6.80191070e-02
    2.78944056e-02 7.49659240e-02 8.04839730e-02 7.39644617e-02
    -1.10837586e-01 -5.25623038e-02 -1.19995013e-01 4.82038595e-02
    6.59638047e-02 1.90008339e-02 7.41067529e-02 8.30538347e-02
    8.24517086e-02 -1.09983973e-01 -6.39436394e-02 -1.28508449e-01
    3.99325676e-02 6.63775206e-02 1.14949578e-02 7.42940083e-02
    8.25366899e-02 8.57588127e-02 -9.76047292e-02 -6.49646446e-02
    -9.92027000e-02 4.24285121e-02 6.48325682e-02 2.75296601e-03
    7.76872486e-02 8.48640576e-02 9.00712386e-02 -8.36786926e-02
    -4.41835113e-02 -8.12398568e-02 3.80550362e-02 6.27972931e-02
    -1.05320048e-02 8.04227814e-02 8.81104469e-02 9.50709134e-02
    -7.87965581e-02 -5.25020696e-02 -6.95023611e-02 3.20126228e-02
    6.94329441e-02 -3.27803157e-02 7.62270838e-02 9.29793790e-02
    8.68890733e-02 -8.65163133e-02 -6.16564453e-02 -5.62689900e-02
    2.84197014e-02 6.43806830e-02 -4.70126644e-02 7.48249888e-02
    1.00526519e-01 9.26079974e-02 -8.83422345e-02 -5.08665703e-02
    -5.09794690e-02 3.16246189e-02 7.81632662e-02 -5.29810265e-02
    7.64447153e-02 1.06935211e-01 8.87526125e-02 -8.77120867e-02
    -5.60996272e-02 -4.56738062e-02 4.39883955e-02 5.91548756e-02
    -4.71160114e-02 7.80734718e-02 1.11983038e-01 7.90417343e-02
    -7.51191229e-02 -7.34803230e-02 -3.80078405e-02 3.69725116e-02
    4.18788679e-02 -5.23130558e-02 8.03800747e-02 1.09584585e-01
    7.55551308e-02 -8.03583562e-02 -8.18107277e-02 -3.49906273e-02
    3.11743375e-02 2.89472621e-02 -4.51918915e-02 8.96272212e-02
    1.09290682e-01 6.64490461e-02 -7.32182041e-02 -8.13343152e-02
    -1.39599489e-02 3.16932201e-02 1.51580600e-02 -4.44309562e-02
    9.35188383e-02 1.10910967e-01 7.25796446e-02 -7.98062235e-02
